Problem,Algorithm,Best_Fitness_Mean,Best_Fitness_Std,Best_Fitness_Median,Best_Fitness_Q25,Best_Fitness_Q75,Execution_Time_Mean,Execution_Time_Std,Feasible_Rate_%,Acceptable_Rate_%,Median_FE_to_Target,Median_J@500,Median_J@1000,Median_J@2000
ПИД-регулятор двигателя,PSO,0.07971950114845967,2.6586890489836644e-09,0.07971949927441463,0.07971949918990995,0.07971950317991879,26.453225469589235,2.61334932570926,100.0,100.0,,0.0803534995703441,0.07973574532028853,0.0797198047209636
ПИД-регулятор двигателя,GWO,0.08070017282418208,0.00160584146499384,0.07999171003548833,0.07988719414498441,0.0806875437778634,32.388897919654845,5.486396252389828,100.0,100.0,,0.08175158526051853,0.08042070303001461,0.08014866893744602
ПИД-регулятор двигателя,WOA,0.12051833145178566,0.0701500916042347,0.08610024047226947,0.07972004379102499,0.12413170459966882,29.774258399009703,2.9423596433524475,100.0,90.0,,0.08764297139899446,0.08614685854226428,0.08610037899013681
ПИД-регулятор двигателя,HHO,0.1461905918736747,0.07615306655178801,0.11039527502119253,0.08036392690230747,0.19230780906696654,31.933625864982606,5.994931866615242,100.0,80.0,,0.12391559570390155,0.11973903075956202,0.11143125533921265
ПИД-регулятор двигателя,SMA,0.08226044754182993,0.004997208462232797,0.07993029043153266,0.07978955934509219,0.08153525327386575,28.667782592773438,2.1425493050636573,100.0,100.0,,0.09017371904406518,0.08128278660800389,0.07997535475540003
Балансировка маятника,PSO,0.06418866519028955,0.0071296845663344705,0.06099901094313884,0.06099895779084171,0.061003472122088044,3.472118616104126,1.6431290636481026,60.0,60.0,,0.3375075573573091,0.07858211501816577,0.061670182691434594
Балансировка маятника,GWO,0.15161691107595435,0.18123568351164054,0.060999045447380905,0.060999019218455394,0.06099922823852323,11.885635423660279,5.651033126966516,50.0,50.0,,0.06740720056603246,0.06128518785685025,0.06107366294572096
Балансировка маятника,WOA,0.1090214604770335,0.0,0.1090214604770335,0.1090214604770335,0.1090214604770335,12.966474533081055,0.0,10.0,10.0,,0.11135302254116772,0.1101074519697171,0.10951655026381013
Балансировка маятника,SMA,0.06647066712058272,0.004395669639567087,0.0654436380898994,0.06332305535625359,0.0682018723740533,1.1336576640605927,0.15180880312382547,80.0,80.0,,0.10646822163909102,0.07611068222509494,0.07027904330045917
Уровень жидкости,PSO,1.219578550025625,0.054548650198598614,1.1941497761237048,1.1882690888166323,1.205508116930865,23.398876428604126,0.267315966660619,100.0,100.0,,1.2345493691947664,1.2089219763947558,1.2052004667182206
Уровень жидкости,GWO,1.20016576316391,0.008463508809119415,1.201187259977725,1.1937784977314585,1.2077575261877191,23.58597538471222,0.32469658716656635,100.0,100.0,,1.2388558764172868,1.2284602124885828,1.209435141238791
Уровень жидкости,WOA,1.3105860259983095,0.05458388190848695,1.3199793906771475,1.2833091916048223,1.3451876314887123,23.265866088867188,0.25128812911471293,100.0,100.0,,1.3287307611234809,1.3287307611234809,1.3287307611234809
Уровень жидкости,HHO,1.3110287717626903,0.06296322069199903,1.3240885865263694,1.2520625934298637,1.3384134193645323,23.30689311027527,0.1830342665341865,100.0,100.0,,1.3405502160318685,1.332621519013879,1.3324081616396053
Уровень жидкости,SMA,1.2391777896240683,0.03966224691146179,1.2258121496822685,1.2170607003204386,1.2486734962865014,23.742222261428832,0.9450160025152752,100.0,100.0,,1.330755153730305,1.2966457910090963,1.2583229868724923
